255 255 238 238 255 240 238 255 255 238 238 255 255 238 240 255
255 255 238 238 255 240 238 255 255 238 238 255 255 238 240 255
238 238 255 255 238 253 255 238 238 255 255 238 238 255 253 238
238 238 255 255 238 253 255   0   0 255 255 238 238 255 253 238
255 255 238 238 255 240 238   0   0 238 238 255 255 238 240 255
240 240 253 253 240 251   0 233 246   0 253 240 240 253 251 240
238 238 255 255 238 253   0 238 238   0 255 238 238 255 253 238
255 255 238 238 255   0   0   0   0   0   0 255 255 238 240 255
255 255 238 238 255   0  30  38  38  42   0 255 255 238 240 255
238 238 255 255 244   0 255 238 238 255   0 243 238 255 253 238
238 238 255 255 238 253 255 238 238 255 255 238 238 255 253 238
255 255 238   0   0   0   0   0   0   0   0   0   0 238 240 255
255 255 238   0   0   0   0   0   0   0   0   0   0 238 240 255
238 238 255 255 238 253 255 238 238 255 255 238 238 255 253 238
240 240 253 253 240 251 253 240 240 253 253 240 240 253 251 240
255 255 238 238 255 240 238 255 255 238 238 255 255 238 240 255
255 255 238 238 255 240 238 255 255 238 238 255 255 238 240 255
255 255 238 238 255 240 238 255 255 238 238 255 255 238 240 255
238 238 255 255 238 253 255 238 238 255 255 238 238 255 253 238
238 238 255 255 238 253 255   0   0 255 255 238 238 255 253 238
255 255 238 238 255 240 238   0   0 238 238 255 255 238 240 255
240 240 253 253 240 251   0 233 246   0 253 240 240 253 251 240
238 238 255 255 238 253   0 238 238   0 255 238 238 255 253 238
255 255 238 238 255   0   0   0   0   0   0 255 255 238 240 255
255 255 238 238 255   0  30  38  38  42   0 255 255 238 240 255
238 238 255 255 244   0 255 238 238 255   0 243 238 255 253 238
238 238 255 255 238 253 255 238 238 255 255 238 238 255 253 238
255 255 238   0   0   0   0   0   0   0   0   0   0 238 240 255
255 255 238   0   0   0   0   0   0   0   0   0   0 238 240 255
238 238 255 255 238 253 255 238 238 255 255 238 238 255 253 238
240 240 253 253 240 251 253 240 240 253 253 240 240 253 251 240
255 255 238 238 255 240 238 255 255 238 238 255 255 238 240 255
255 255 238 238 255 240 238 255 255 238 238 255 255 238 240 255
255 255 238 238 255 240 238 255 255 238 238 255 255 238 240 255
238 238 255 255 238 253 255 238 238 255 255 238 238 255 253 238
238 238 255 255 238 253 255   0   0 255 255 238 238 255 253 238
255 255 238 238 255 240 238   0   0 238 238 255 255 238 240 255
240 240 253 253 240 251   0 233 246   0 253 240 240 253 251 240
238 238 255 255 238 253   0 238 238   0 255 238 238 255 253 238
255 255 238 238 255   0   0   0   0   0   0 255 255 238 240 255
255 255 238 238 255   0  30  38  38  42   0 255 255 238 240 255
238 238 255 255 244   0 255 238 238 255   0 243 238 255 253 238
238 238 255 255 238 253 255 238 238 255 255 238 238 255 253 238
255 255 238   0   0   0   0   0   0   0   0   0   0 238 240 255
255 255 238   0   0   0   0   0   0   0   0   0   0 238 240 255
238 238 255 255 238 253 255 238 238 255 255 238 238 255 253 238
240 240 253 253 240 251 253 240 240 253 253 240 240 253 251 240
255 255 238 238 255 240 238 255 255 238 238 255 255 238 240 255

255 255 238 238 255 240 238 255 255 238 238 255 255 238 240 255
240 240 253 253 240 251 253 240 240 253 253 240 240 253 251 240
238 238 255 255 238 253 255 238 238 255 255 238 238 255 253 238
255 255 238 238 255 240 238 255 255 238 238   0   0 238 240 255
255 255 238 238 255 240 238 255 255 243 238   0   0 238 240 255
238 238 255 255 238 253 255   0   0   0 255   0   0 255 253 238
238 238 255 255 238   0   0   0  42 255 255   0   0 255 253 238
255 255 238   0   0 246 238   0  38 238 238   0   0 238 240 255
255 255 238   0   0 233 238   0  38 238 238   0   0 238 240 255
238 238 255 255 238   0   0   0  30 255 255   0   0 255 253 238
240 240 253 253 240 251 253   0   0   0 253   0   0 253 251 240
255 255 238 238 255 240 238 255 255 244 238   0   0 238 240 255
238 238 255 255 238 253 255 238 238 255 255   0   0 255 253 238
238 238 255 255 238 253 255 238 238 255 255 238 238 255 253 238
255 255 238 238 255 240 238 255 255 238 238 255 255 238 240 255
255 255 238 238 255 240 238 255 255 238 238 255 255 238 240 255
255 255 238 238 255 240 238 255 255 238 238 255 255 238 240 255
240 240 253 253 240 251 253 240 240 253 253 240 240 253 251 240
238 238 255 255 238 253 255 238 238 255 255 238 238 255 253 238
255 255 238 238 255 240 238 255 255 238 238   0   0 238 240 255
255 255 238 238 255 240 238 255 255 243 238   0   0 238 240 255
238 238 255 255 238 253 255   0   0   0 255   0   0 255 253 238
238 238 255 255 238   0   0   0  42 255 255   0   0 255 253 238
255 255 238   0   0 246 238   0  38 238 238   0   0 238 240 255
255 255 238   0   0 233 238   0  38 238 238   0   0 238 240 255
238 238 255 255 238   0   0   0  30 255 255   0   0 255 253 238
240 240 253 253 240 251 253   0   0   0 253   0   0 253 251 240
255 255 238 238 255 240 238 255 255 244 238   0   0 238 240 255
238 238 255 255 238 253 255 238 238 255 255   0   0 255 253 238
238 238 255 255 238 253 255 238 238 255 255 238 238 255 253 238
255 255 238 238 255 240 238 255 255 238 238 255 255 238 240 255
255 255 238 238 255 240 238 255 255 238 238 255 255 238 240 255
255 255 238 238 255 240 238 255 255 238 238 255 255 238 240 255
240 240 253 253 240 251 253 240 240 253 253 240 240 253 251 240
238 238 255 255 238 253 255 238 238 255 255 238 238 255 253 238
255 255 238 238 255 240 238 255 255 238 238   0   0 238 240 255
255 255 238 238 255 240 238 255 255 243 238   0   0 238 240 255
238 238 255 255 238 253 255   0   0   0 255   0   0 255 253 238
238 238 255 255 238   0   0   0  42 255 255   0   0 255 253 238
255 255 238   0   0 246 238   0  38 238 238   0   0 238 240 255
255 255 238   0   0 233 238   0  38 238 238   0   0 238 240 255
238 238 255 255 238   0   0   0  30 255 255   0   0 255 253 238
240 240 253 253 240 251 253   0   0   0 253   0   0 253 251 240
255 255 238 238 255 240 238 255 255 244 238   0   0 238 240 255
238 238 255 255 238 253 255 238 238 255 255   0   0 255 253 238
238 238 255 255 238 253 255 238 238 255 255 238 238 255 253 238
255 255 238 238 255 240 238 255 255 238 238 255 255 238 240 255
255 255 238 238 255 240 238 255 255 238 238 255 255 238 240 255

247 246 243 246 246 243 246 247 244 245 244 246 246 244 246 247
246 245 245 246 246 245 245 246 245 245 245 245 245 245 246 246
243 245 249 244 244 249 245 244 246 245 247 245 244 248 246 243
246 246 244 153  95  93  95  95  94  94  94  95 153 245 246 247
246 246 244 163 111 110 110 111 110 110 110 110 163 245 246 247
243 245 249 244 233 234 244 244 246 245 232 233 244 247 245 244
246 245 245 243 126  38 224 245 244 225  38 127 243 245 245 246
247 246 244 246 214   2  53  74  74  54   2 215 246 244 246 246
244 245 246 245 244  81  10  41  40   8  90 244 245 246 245 244
245 245 245 246 246 207  37 210 207  33 211 245 245 246 246 246
244 245 247 245 245 241  85 179 172  95 241 245 245 246 245 245
246 245 245 246 246 244 149  53  52 156 245 246 245 245 246 246
246 245 244 246 246 244 220  35  39 226 245 245 245 245 246 246
244 245 248 245 245 247 244 177 184 245 246 245 245 247 246 244
246 246 246 246 246 245 245 246 245 246 245 246 246 246 246 246
247 246 243 247 247 244 246 246 244 246 245 246 246 244 246 247
247 246 243 246 246 243 246 247 244 245 244 246 246 244 246 247
246 245 245 246 246 245 245 246 245 245 245 245 245 245 246 246
243 245 249 244 244 249 245 244 246 245 247 245 244 248 246 243
246 246 244 153  95  93  95  95  94  94  94  95 153 245 246 247
246 246 244 163 111 110 110 111 110 110 110 110 163 245 246 247
243 245 249 244 233 234 244 244 246 245 232 233 244 247 245 244
246 245 245 243 126  38 224 245 244 225  38 127 243 245 245 246
247 246 244 246 214   2  53  74  74  54   2 215 246 244 246 246
244 245 246 245 244  81  10  41  40   8  90 244 245 246 245 244
245 245 245 246 246 207  37 210 207  33 211 245 245 246 246 246
244 245 247 245 245 241  85 179 172  95 241 245 245 246 245 245
246 245 245 246 246 244 149  53  52 156 245 246 245 245 246 246
246 245 244 246 246 244 220  35  39 226 245 245 245 245 246 246
244 245 248 245 245 247 244 177 184 245 246 245 245 247 246 244
246 246 246 246 246 245 245 246 245 246 245 246 246 246 246 246
247 246 243 247 247 244 246 246 244 246 245 246 246 244 246 247
247 246 243 246 246 243 246 247 244 245 244 246 246 244 246 247
246 245 245 246 246 245 245 246 245 245 245 245 245 245 246 246
243 245 249 244 244 249 245 244 246 245 247 245 244 248 246 243
246 246 244 153  95  93  95  95  94  94  94  95 153 245 246 247
246 246 244 163 111 110 110 111 110 110 110 110 163 245 246 247
243 245 249 244 233 234 244 244 246 245 232 233 244 247 245 244
246 245 245 243 126  38 224 245 244 225  38 127 243 245 245 246
247 246 244 246 214   2  53  74  74  54   2 215 246 244 246 246
244 245 246 245 244  81  10  41  40   8  90 244 245 246 245 244
245 245 245 246 246 207  37 210 207  33 211 245 245 246 246 246
244 245 247 245 245 241  85 179 172  95 241 245 245 246 245 245
246 245 245 246 246 244 149  53  52 156 245 246 245 245 246 246
246 245 244 246 246 244 220  35  39 226 245 245 245 245 246 246
244 245 248 245 245 247 244 177 184 245 246 245 245 247 246 244
246 246 246 246 246 245 245 246 245 246 245 246 246 246 246 246
247 246 243 247 247 244 246 246 244 246 245 246 246 244 246 247

247 246 244 247 247 244 246 247 245 246 245 247 246 244 246 247
246 246 246 246 246 246 246 246 246 246 246 246 246 246 246 246
244 246 248 245 245 247 246 245 247 246 247 246 245 248 246 244
246 246 245 153 163 244 244 247 245 246 246 246 246 245 246 246
246 246 245  96 111 233 127 215 245 246 246 246 246 246 246 247
245 246 248  94 110 233  38   2  91 212 242 245 246 247 246 245
246 246 245  95 111 245 225  54   8  33  95 156 227 246 246 246
245 245 247  94 110 247 245  74  40 207 172  52  40 184 246 245
247 246 244  96 111 244 245  75  41 211 179  54  36 178 246 247
246 246 245  95 111 245 225  54  11  37  85 150 220 245 246 246
244 245 249  94 110 234  38   2  82 207 241 245 245 247 246 244
247 246 245  96 111 233 126 214 245 246 246 246 246 245 246 247
247 246 245 154 163 244 244 247 245 246 246 246 246 245 246 247
244 246 250 245 245 249 245 244 247 245 248 245 245 248 246 244
246 246 246 246 246 245 246 246 245 246 246 246 246 246 246 246
248 246 244 247 247 244 246 247 245 246 245 246 246 244 246 247
247 246 244 247 247 244 246 247 245 246 245 247 246 244 246 247
246 246 246 246 246 246 246 246 246 246 246 246 246 246 246 246
244 246 248 245 245 247 246 245 247 246 247 246 245 248 246 244
246 246 245 153 163 244 244 247 245 246 246 246 246 245 246 246
246 246 245  96 111 233 127 215 245 246 246 246 246 246 246 247
245 246 248  94 110 233  38   2  91 212 242 245 246 247 246 245
246 246 245  95 111 245 225  54   8  33  95 156 227 246 246 246
245 245 247  94 110 247 245  74  40 207 172  52  40 184 246 245
247 246 244  96 111 244 245  75  41 211 179  54  36 178 246 247
246 246 245  95 111 245 225  54  11  37  85 150 220 245 246 246
244 245 249  94 110 234  38   2  82 207 241 245 245 247 246 244
247 246 245  96 111 233 126 214 245 246 246 246 246 245 246 247
247 246 245 154 163 244 244 247 245 246 246 246 246 245 246 247
244 246 250 245 245 249 245 244 247 245 248 245 245 248 246 244
246 246 246 246 246 245 246 246 245 246 246 246 246 246 246 246
248 246 244 247 247 244 246 247 245 246 245 246 246 244 246 247
247 246 244 247 247 244 246 247 245 246 245 247 246 244 246 247
246 246 246 246 246 246 246 246 246 246 246 246 246 246 246 246
244 246 248 245 245 247 246 245 247 246 247 246 245 248 246 244
246 246 245 153 163 244 244 247 245 246 246 246 246 245 246 246
246 246 245  96 111 233 127 215 245 246 246 246 246 246 246 247
245 246 248  94 110 233  38   2  91 212 242 245 246 247 246 245
246 246 245  95 111 245 225  54   8  33  95 156 227 246 246 246
245 245 247  94 110 247 245  74  40 207 172  52  40 184 246 245
247 246 244  96 111 244 245  75  41 211 179  54  36 178 246 247
246 246 245  95 111 245 225  54  11  37  85 150 220 245 246 246
244 245 249  94 110 234  38   2  82 207 241 245 245 247 246 244
247 246 245  96 111 233 126 214 245 246 246 246 246 245 246 247
247 246 245 154 163 244 244 247 245 246 246 246 246 245 246 247
244 246 250 245 245 249 245 244 247 245 248 245 245 248 246 244
246 246 246 246 246 245 246 246 245 246 246 246 246 246 246 246
248 246 244 247 247 244 246 247 245 246 245 246 246 244 246 247
